Device name: b'NVIDIA A100-PCIE-40GB'
Compute capability: (8, 0)
Total global memory (GB): 39.39385986328125
Free global memory (GB): 38.98077392578125
Used global memory (GB): 0.4130859375
Max threads per block: 1024
Max block dimensions: x=1024, y=1024, z=64
Max grid dimensions: x=2147483647, y=65535, z=65535
Max shared memory per block (KB): 48.0
FAILED! Dimensions:  (16, 16, 16)  Method:  CudaSharedMemory
Result:
 [[ 3.63466072  3.7820375   3.82256007  3.70183659  3.37822366  4.89631414
   4.4270668   3.44784069  3.10442233  4.05812073  4.81589842  2.9731555
   3.78561807  3.14964843  3.22109127  4.01600885]
 [ 3.78883696  3.90265298  4.30111933  3.61234093  4.53048277  5.01435852
   3.37301755  3.33424211  3.68897653  4.01647997  5.70760298  4.2158103
   4.42228889  3.63379812  3.14818788  5.39773369]
 [ 3.97552371  4.19789028  5.70080757  4.32486153  4.97954655  4.51715851
   4.38637781  4.53276157  4.17990446  5.26050806  6.18985128  4.52524614
   5.3936677   3.85420132  3.79585648  6.46659946]
 [ 4.77670813  4.31286907  5.24816561  4.34308434  5.03312922  5.54381132
   4.07623386  4.10200691  4.8229847   4.53000593  6.12413645  4.64387894
   4.88878012  4.05087614  3.53758073  5.22709322]
 [ 3.32123971  4.1259799   3.9362154   3.31750369  3.89836574  4.21252584
   3.43774724  3.43807864  3.43317771  3.93930817  4.96625519  3.26990938
   4.40424871  3.03058434  3.48137903  4.67366457]
 [ 3.91604304  3.98411155  4.85658407  3.85105562  4.08801937  4.84397078
   4.14027357  3.66869307  3.63432097  4.59990597  5.7216959   3.80683041
   4.85178137  3.52412391  4.03291512  5.27645206]
 [ 3.08757401  2.79343152  3.66314602  2.94893408  3.39199686  4.39627028
   2.88484287  2.43786502  3.16768312  3.3524282   4.69251585  3.19027495
   3.48393321  3.13491035  2.8262341   3.71584034]
 [ 3.71980309  3.75034213  4.78583336  3.89388442  3.66847157  5.17493916
   4.71457434  4.04497576  3.27051854  4.69647312  5.33711052  3.94534945
   4.53531408  3.56336927  3.35984731  5.12634563]
 [ 3.68453884  4.44021845  4.70385218  3.973979    4.81494522  4.39970779
   4.16442156  3.53738761  4.17185736  4.6307435   5.57232046  4.0816884
   5.31589222  3.90875125  3.59508824  5.12855864]
 [ 3.01935697  4.38472748  4.81255293  3.17779708  4.20710039  3.99883652
   3.80562973  3.56723261  3.4932518   4.62025118  5.78688478  3.13712692
   4.29671574  3.56626606  3.06202364  4.64430761]
 [ 2.68632579  3.20123005  2.80668569  2.7953496   2.80113578  4.11877918
   3.24788523  2.39010072  2.45227504  3.23942828  3.93164062  2.58846211
   3.41011381  2.78767037  2.65350032  3.2907939 ]
 [ 3.58407259  3.20858979  3.25403476  3.46002197  3.44636178  4.10488367
   3.03620696  2.87573314  3.30158806  3.25509906  3.74348426  3.24902129
   3.75872517  2.6894033   2.70232272  4.00389862]
 [ 2.68036151  3.16226625  3.21892333  2.71813893  2.76033211  3.21092606
   3.05361414  2.85281849  2.11591864  3.48781228  4.06769896  2.27933407
   3.36582637  2.77498198  2.98625064  3.75001478]
 [ 3.97786784  4.95864153  5.31583118  4.07271624  4.60653114  5.80944347
   4.57609749  4.02016068  3.96621871  5.24836254  6.48639011  3.97317696
   5.29159069  3.72843671  4.15367746  5.9430747 ]
 [ 3.85450912  5.25179863  5.52380133  3.81124568  5.17488003  5.11884308
   4.2915926   3.98532009  4.4419136   4.96331882  6.8152771   3.80547237
   5.21684074  4.26826286  3.75340915  5.01857424]
 [ 3.87228441  4.24834871  3.7139771   3.47766995  4.73692989  4.55949306
   3.58955026  3.38262486  4.13443184  3.38462377  4.7549572   3.80815959
   3.92446303  2.65538836  2.68599439  4.60332775]]
Expected:
 [[ 3.63466072  3.78883696  3.97552371  4.77670813  3.32123971  3.91604304
   3.08757401  3.71980309  3.68453884  3.01935697  2.68632579  3.58407259
   2.68036151  3.97786784  3.85450912  3.87228441]
 [ 3.7820375   3.90265298  4.19789028  4.31286907  4.1259799   3.98411155
   2.79343152  3.75034213  4.44021845  4.38472748  3.20123005  3.20858979
   3.16226625  4.95864153  5.25179863  4.24834871]
 [ 3.82256007  4.30111933  5.70080757  5.24816561  3.9362154   4.85658407
   3.66314602  4.78583336  4.70385218  4.81255293  2.80668569  3.25403476
   3.21892333  5.31583118  5.52380133  3.7139771 ]
 [ 3.70183659  3.61234093  4.32486153  4.34308434  3.31750369  3.85105562
   2.94893408  3.89388442  3.973979    3.17779708  2.7953496   3.46002197
   2.71813893  4.07271624  3.81124568  3.47766995]
 [ 3.37822366  4.53048277  4.97954655  5.03312922  3.89836574  4.08801937
   3.39199686  3.66847157  4.81494522  4.20710039  2.80113578  3.44636178
   2.76033211  4.60653114  5.17488003  4.73692989]
 [ 4.89631414  5.01435852  4.51715851  5.54381132  4.21252584  4.84397078
   4.39627028  5.17493916  4.39970779  3.99883652  4.11877918  4.10488367
   3.21092606  5.80944347  5.11884308  4.55949306]
 [ 4.4270668   3.37301755  4.38637781  4.07623386  3.43774724  4.14027357
   2.88484287  4.71457434  4.16442156  3.80562973  3.24788523  3.03620696
   3.05361414  4.57609749  4.2915926   3.58955026]
 [ 3.44784069  3.33424211  4.53276157  4.10200691  3.43807864  3.66869307
   2.43786502  4.04497576  3.53738761  3.56723261  2.39010072  2.87573314
   2.85281849  4.02016068  3.98532009  3.38262486]
 [ 3.10442233  3.68897653  4.17990446  4.8229847   3.43317771  3.63432097
   3.16768312  3.27051854  4.17185736  3.4932518   2.45227504  3.30158806
   2.11591864  3.96621871  4.4419136   4.13443184]
 [ 4.05812073  4.01647997  5.26050806  4.53000593  3.93930817  4.59990597
   3.3524282   4.69647312  4.6307435   4.62025118  3.23942828  3.25509906
   3.48781228  5.24836254  4.96331882  3.38462377]
 [ 4.81589842  5.70760298  6.18985128  6.12413645  4.96625519  5.7216959
   4.69251585  5.33711052  5.57232046  5.78688478  3.93164062  3.74348426
   4.06769896  6.48639011  6.8152771   4.7549572 ]
 [ 2.9731555   4.2158103   4.52524614  4.64387894  3.26990938  3.80683041
   3.19027495  3.94534945  4.0816884   3.13712692  2.58846211  3.24902129
   2.27933407  3.97317696  3.80547237  3.80815959]
 [ 3.78561807  4.42228889  5.3936677   4.88878012  4.40424871  4.85178137
   3.48393321  4.53531408  5.31589222  4.29671574  3.41011381  3.75872517
   3.36582637  5.29159069  5.21684074  3.92446303]
 [ 3.14964843  3.63379812  3.85420132  4.05087614  3.03058434  3.52412391
   3.13491035  3.56336927  3.90875125  3.56626606  2.78767037  2.6894033
   2.77498198  3.72843671  4.26826286  2.65538836]
 [ 3.22109127  3.14818788  3.79585648  3.53758073  3.48137903  4.03291512
   2.8262341   3.35984731  3.59508824  3.06202364  2.65350032  2.70232272
   2.98625064  4.15367746  3.75340915  2.68599439]
 [ 4.01600885  5.39773369  6.46659946  5.22709322  4.67366457  5.27645206
   3.71584034  5.12634563  5.12855864  4.64430761  3.2907939   4.00389862
   3.75001478  5.9430747   5.01857424  4.60332775]]
Difference:
 [[ 0.         -0.00679946 -0.15296364 -1.07487154  0.05698395  0.9802711
   1.3394928  -0.2719624  -0.58011651  1.03876376  2.12957263 -0.61091709
   1.10525656 -0.82821941 -0.63341784  0.14372444]
 [ 0.00679946  0.          0.10322905 -0.70052814  0.40450287  1.03024697
   0.57958603 -0.41610003 -0.75124192 -0.36824751  2.50637293  1.00722051
   1.26002264 -1.32484341 -2.10361075  1.14938498]
 [ 0.15296364 -0.10322905  0.         -0.92330408  1.04333115 -0.33942556
   0.72323179 -0.25307178 -0.52394772  0.44795513  3.3831656   1.27121139
   2.17474437 -1.46162987 -1.72794485  2.75262237]
 [ 1.07487154  0.70052814  0.92330408  0.          1.71562552  1.6927557
   1.12729979  0.20812249  0.8490057   1.35220885  3.32878685  1.18385696
   2.17064118 -0.0218401  -0.27366495  1.74942327]
 [-0.05698395 -0.40450287 -1.04333115 -1.71562552  0.          0.12450647
   0.04575038 -0.23039293 -1.38176751 -0.26779222  2.16511941 -0.1764524
   1.64391661 -1.57594681 -1.693501   -0.06326532]
 [-0.9802711  -1.03024697  0.33942556 -1.6927557  -0.12450647  0.
  -0.2559967  -1.50624609 -0.76538682  0.60106945  1.60291672 -0.29805326
   1.64085531 -2.28531957 -1.08592796  0.716959  ]
 [-1.3394928  -0.57958603 -0.72323179 -1.12729979 -0.04575038  0.2559967
   0.         -2.27670932 -0.99673843 -0.45320153  1.44463062  0.15406799
   0.43031907 -1.44118714 -1.4653585   0.12629008]
 [ 0.2719624   0.41610003  0.25307178 -0.20812249  0.23039293  1.50624609
   2.27670932  0.         -0.26686907  1.12924051  2.9470098   1.06961632
   1.68249559 -0.4567914  -0.62547278  1.74372077]
 [ 0.58011651  0.75124192  0.52394772 -0.8490057   1.38176751  0.76538682
   0.99673843  0.26686907  0.          1.1374917   3.12004542  0.78010035
   3.19997358 -0.05746746 -0.84682536  0.9941268 ]
 [-1.03876376  0.36824751 -0.44795513 -1.35220885  0.26779222 -0.60106945
   0.45320153 -1.12924051 -1.1374917   0.          2.5474565  -0.11797214
   0.80890346 -1.68209648 -1.90129519  1.25968385]
 [-2.12957263 -2.50637293 -3.3831656  -3.32878685 -2.16511941 -1.60291672
  -1.44463062 -2.9470098  -3.12004542 -2.5474565   0.         -1.15502214
  -0.65758514 -3.69871974 -4.16177654 -1.4641633 ]
 [ 0.61091709 -1.00722051 -1.27121139 -1.18385696  0.1764524   0.29805326
  -0.15406799 -1.06961632 -0.78010035  0.11797214  1.15502214  0.
   1.4793911  -1.28377366 -1.10314965  0.19573903]
 [-1.10525656 -1.26002264 -2.17474437 -2.17064118 -1.64391661 -1.64085531
  -0.43031907 -1.68249559 -3.19997358 -0.80890346  0.65758514 -1.4793911
   0.         -2.51660872 -2.23059011 -0.17444825]
 [ 0.82821941  1.32484341  1.46162987  0.0218401   1.57594681  2.28531957
   1.44118714  0.4567914   0.05746746  1.68209648  3.69871974  1.28377366
   2.51660872  0.         -0.1145854   3.28768635]
 [ 0.63341784  2.10361075  1.72794485  0.27366495  1.693501    1.08592796
   1.4653585   0.62547278  0.84682536  1.90129519  4.16177654  1.10314965
   2.23059011  0.1145854   0.          2.33257985]
 [-0.14372444 -1.14938498 -2.75262237 -1.74942327  0.06326532 -0.716959
  -0.12629008 -1.74372077 -0.9941268  -1.25968385  1.4641633  -0.19573903
   0.17444825 -3.28768635 -2.33257985  0.        ]]

FAILED! Dimensions:  (16, 16, 17)  Method:  CudaSharedMemory
Result:
 [[ 3.74041963  2.79535556  2.95704293  4.33684874  3.27138829  3.52191782
   3.09311271  3.94211221  4.40026188  4.44663858  2.9373982   4.66700077
   3.25930953  4.11340952  3.92634988  3.28617859]
 [ 5.56159687  3.49678254  4.20450258  5.87008476  5.20061445  5.066535
   4.16205311  4.29977989  5.39790344  6.51925993  3.91917777  6.32609081
   4.64067984  6.18521452  5.81585693  4.03472233]
 [ 3.43124819  3.19088817  3.13090038  4.03549051  3.48998952  3.51594114
   2.66632342  3.21923137  3.89811158  4.64226675  2.37945676  3.93386102
   2.8855617   3.64483309  4.64505434  2.50311232]
 [ 3.31279683  3.0476203   2.6977396   4.07254553  3.81397152  3.04989052
   2.24394417  3.3816545   4.31284189  5.22199631  2.49254775  4.51682806
   4.3085103   4.24090767  3.92313528  2.54121256]
 [ 4.41365337  2.54925466  3.10047436  4.38753843  3.21276855  3.48250151
   2.80401516  3.37870216  3.96523309  4.35496378  2.59800529  4.19065762
   2.71917796  3.91222215  3.80026102  3.06034803]
 [ 5.1734333   3.92137361  3.98868346  5.57922888  5.65068769  4.17993259
   4.15251684  5.04752731  6.025527    6.62094116  4.25370741  6.27728653
   5.21692848  6.26122999  6.17593861  4.10288429]
 [ 4.56957865  3.40122652  3.2179122   4.85344172  4.52859926  4.12822819
   4.05509853  4.00825071  4.56867409  5.97326851  3.23984575  5.32406139
   4.01670694  4.4703331   5.5003705   3.5372901 ]
 [ 5.08055687  3.61516738  3.89026785  5.52435827  4.73253584  4.48416805
   3.31961942  4.44927549  5.47121572  6.17710304  3.47284865  5.61642838
   4.01752472  5.14046383  5.21907282  3.39245367]
 [ 4.4168272   4.10784101  3.45383644  5.78909445  4.70423841  4.40361166
   4.28544903  4.15624714  5.71737862  6.71992779  3.19761443  5.66327286
   5.25340414  5.55714321  5.84038591  3.91722846]
 [ 4.16106653  3.48818207  3.23802352  4.51302099  3.87705922  3.65109205
   3.50582147  4.06878471  4.64671803  5.25341511  2.9028945   4.69561958
   3.68257785  4.00080824  4.6469121   3.53874731]
 [ 5.00005341  4.02186871  2.84615731  5.11172915  4.86079741  3.82604289
   3.80718064  4.21379566  4.96647406  5.92556286  2.75111532  4.85845566
   4.21369696  4.79152632  5.21139336  3.62951088]
 [ 3.27716041  2.9787004   3.13388371  4.04167175  2.98303294  3.26186156
   2.9025383   3.30650449  3.91520715  4.9015913   2.25981808  4.20378208
   3.01466322  3.46143246  4.13195658  3.00019264]
 [ 5.2502017   3.1356051   3.43588996  5.45118999  4.93909931  3.94248152
   3.5638926   4.16776228  5.20987654  6.23513842  3.27063036  5.62643909
   3.98467803  5.36179829  5.0855155   3.6848886 ]
 [ 4.31759024  2.64285088  3.43070078  4.46322584  3.85854197  3.58376479
   3.14514136  3.00611067  3.81006432  4.93737793  2.82807612  4.74080563
   3.81665611  4.7606802   4.15557575  3.36204576]
 [ 2.69763827  2.43267369  1.94964111  3.62116146  3.16985512  2.46175551
   2.67418551  2.77807617  3.64670873  3.84152269  2.06724262  3.44101095
   2.99812508  3.66571403  3.83747697  2.36994052]
 [ 4.13424158  3.86349487  3.2439003   5.36083841  4.27325249  4.24312019
   3.87552428  3.9512732   5.19721031  5.94262791  2.82495952  5.07060194
   4.42100334  4.91902304  5.4002409   3.4905808 ]]
Expected:
 [[ 4.37453651  6.1564002   4.24678564  3.47950935  4.70585632  5.69620419
   5.00925255  5.31542301  5.25050116  4.98077393  5.4632144   3.94150019
   6.15849543  4.7928834   2.7092135   4.20065403]
 [ 3.09279418  3.77578092  3.57342362  3.12581849  2.68631506  4.16658449
   3.60745978  3.72533345  4.49888372  3.87267351  4.23911858  3.29031539
   3.56164885  2.86579156  2.4381032   3.89464617]
 [ 3.28620863  4.51326084  3.55424023  2.78427887  3.25215483  4.2600503
   3.44614387  4.0121851   3.88659072  3.66352797  3.08658099  3.47873807
   3.90737891  3.67742229  1.95564973  3.27837443]
 [ 4.62890625  6.14403582  4.41110563  4.14932871  4.52211952  5.82000351
   5.05594397  5.63253117  6.1730628   4.89055681  5.32504892  4.3476491
   5.86952639  4.68213367  3.62649274  5.39142609]
 [ 3.61864543  5.52634287  3.93659663  3.90526724  3.37278557  5.93696928
   4.76937485  4.86115408  5.16077757  4.32594967  5.1144352   3.34684086
   5.43650198  4.11882353  3.17619395  4.30962133]
 [ 3.83001757  5.3555336   3.91218805  3.13089156  3.62447476  4.4339323
   4.34185362  4.59828281  4.80867052  4.04936504  4.05107975  3.58464599
   4.38379622  3.81469655  2.46737957  4.27538824]
 [ 3.27941823  4.3368082   2.905931    2.29292488  2.8898654   4.30610847
   4.1842761   3.38862371  4.53038502  3.74665427  3.943259    3.09772348
   3.83075237  3.28478408  2.67758632  3.89503646]
 [ 4.03192616  4.38402557  3.33474088  3.405267    3.42008853  5.12157059
   4.07052422  4.48254108  4.27432537  4.18488503  4.27939606  3.400599
   4.29640961  3.07342935  2.77971554  3.96067953]
 [ 4.41126251  5.4082222   3.91225982  4.31573391  3.97030234  6.03459597
   4.57630157  5.4752903   5.73184156  4.66093874  4.97450924  3.9267323
   5.2256341   3.81830978  3.64690948  5.19836235]
 [ 4.50602102  6.57496071  4.71863842  5.23760843  4.38232756  6.6698966
   6.01444244  6.19909716  6.79799795  5.33017731  5.96893597  4.96380424
   6.32019663  4.98188734  3.84260678  5.94884729]
 [ 2.93904924  3.92072654  2.38158011  2.49298191  2.59876609  4.2550683
   3.2409904   3.4734602   3.19978499  2.90502882  2.75232124  2.2615478
   3.27299523  2.82931352  2.06727266  2.82513237]
 [ 5.09196758  6.72471094  4.48041058  4.62855387  4.38648367  6.62763262
   5.61871815  5.77382898  6.22197723  5.24496365  5.16885281  4.64900351
   6.23515129  5.05933332  3.44876838  5.11510944]
 [ 3.91146803  5.2524066   3.72430253  4.47996616  3.01969457  5.75457335
   4.46889019  4.25907278  6.11079741  4.52560711  4.69003582  3.69790459
   4.91881418  4.30547237  3.01002955  4.48930502]
 [ 4.24165487  6.30550909  3.80976963  4.27462387  3.97131801  6.36695671
   4.55925417  5.18796396  5.72574759  4.16658831  4.88519716  3.59579039
   5.54549408  4.85680485  3.66805506  4.93245459]
 [ 3.99000239  5.87556314  4.72691774  3.93986988  3.82959223  6.22841406
   5.54450464  5.2426486   5.92406988  4.72919416  5.25788546  4.19864273
   5.17668962  4.20328569  3.83863878  5.40690756]
 [ 3.36252069  4.10633135  2.60129595  2.56128335  3.0955267   4.16582155
   3.59022307  3.4207294   4.01759577  3.63743305  3.6852715   3.08017349
   3.79423928  3.41926694  2.37133408  3.49857616]]
Difference:
 [[ -6.34116888e-01  -3.36104465e+00  -1.28974271e+00   8.57339382e-01
   -1.43446803e+00  -2.17428637e+00  -1.91613984e+00  -1.37331080e+00
   -8.50239277e-01  -5.34135342e-01  -2.52581620e+00   7.25500584e-01
   -2.89918590e+00  -6.79473877e-01   1.21713638e+00  -9.14475441e-01]
 [  2.46880269e+00  -2.78998375e-01   6.31078959e-01   2.74426627e+00
    2.51429939e+00   8.99950504e-01   5.54593325e-01   5.74446440e-01
    8.99019718e-01   2.64658642e+00  -3.19940805e-01   3.03577542e+00
    1.07903099e+00   3.31942296e+00   3.37775373e+00   1.40076160e-01]
 [  1.45039558e-01  -1.32237267e+00  -4.23339844e-01   1.25121164e+00
    2.37834692e-01  -7.44109154e-01  -7.79820442e-01  -7.92953730e-01
    1.15208626e-02   9.78738785e-01  -7.07124233e-01   4.55122948e-01
   -1.02181721e+00  -3.25891972e-02   2.68940449e+00  -7.75262117e-01]
 [ -1.31610942e+00  -3.09641552e+00  -1.71336603e+00  -7.67831802e-02
   -7.08148003e-01  -2.77011299e+00  -2.81199980e+00  -2.25087667e+00
   -1.86022091e+00   3.31439495e-01  -2.83250117e+00   1.69178963e-01
   -1.56101608e+00  -4.41226006e-01   2.96642542e-01  -2.85021353e+00]
 [  7.95007944e-01  -2.97708821e+00  -8.36122274e-01   4.82271194e-01
   -1.60017014e-01  -2.45446777e+00  -1.96535969e+00  -1.48245192e+00
   -1.19554448e+00   2.90141106e-02  -2.51642990e+00   8.43816757e-01
   -2.71732402e+00  -2.06601381e-01   6.24067068e-01  -1.24927330e+00]
 [  1.34341574e+00  -1.43415999e+00   7.64954090e-02   2.44833732e+00
    2.02621293e+00  -2.53999710e-01  -1.89336777e-01   4.49244499e-01
    1.21685648e+00   2.57157612e+00   2.02627659e-01   2.69264054e+00
    8.33132267e-01   2.44653344e+00   3.70855904e+00  -1.72503948e-01]
 [  1.29016042e+00  -9.35581684e-01   3.11981201e-01   2.56051683e+00
    1.63873386e+00  -1.77880287e-01  -1.29177570e-01   6.19626999e-01
    3.82890701e-02   2.22661424e+00  -7.03413248e-01   2.22633791e+00
    1.85954571e-01   1.18554902e+00   2.82278419e+00  -3.57746363e-01]
 [  1.04863071e+00  -7.68858194e-01   5.55526972e-01   2.11909127e+00
    1.31244731e+00  -6.37402534e-01  -7.50904799e-01  -3.32655907e-02
    1.19689035e+00   1.99221802e+00  -8.06547403e-01   2.21582937e+00
   -2.78884888e-01   2.06703448e+00   2.43935728e+00  -5.68225861e-01]
 [  5.56468964e-03  -1.30038118e+00  -4.58423376e-01   1.47336054e+00
    7.33936071e-01  -1.63098431e+00  -2.90852547e-01  -1.31904316e+00
   -1.44629478e-02   2.05898905e+00  -1.77689481e+00   1.73654056e+00
    2.77700424e-02   1.73883343e+00   2.19347644e+00  -1.28113389e+00]
 [ -3.44954491e-01  -3.08677864e+00  -1.48061490e+00  -7.24587440e-01
   -5.05268335e-01  -3.01880455e+00  -2.50862098e+00  -2.13031244e+00
   -2.15127993e+00  -7.67621994e-02  -3.06604147e+00  -2.68184662e-01
   -2.63761878e+00  -9.81079102e-01   8.04305315e-01  -2.41009998e+00]
 [  2.06100416e+00   1.01142168e-01   4.64577198e-01   2.61874723e+00
    2.26203132e+00  -4.29025412e-01   5.66190243e-01   7.40335464e-01
    1.76668906e+00   3.02053404e+00  -1.20592117e-03   2.59690785e+00
    9.40701723e-01   1.96221280e+00   3.14412069e+00   8.04378510e-01]
 [ -1.81480718e+00  -3.74601054e+00  -1.34652686e+00  -5.86882114e-01
   -1.40345073e+00  -3.36577106e+00  -2.71617985e+00  -2.46732450e+00
   -2.30677009e+00  -3.43372345e-01  -2.90903473e+00  -4.45221424e-01
   -3.22048807e+00  -1.59790087e+00   6.83188200e-01  -2.11491680e+00]
 [  1.33873367e+00  -2.11680150e+00  -2.88412571e-01   9.71223831e-01
    1.91940475e+00  -1.81209183e+00  -9.04997587e-01  -9.13105011e-02
   -9.00920868e-01   1.70953131e+00  -1.41940546e+00   1.92853451e+00
   -9.34136152e-01   1.05632591e+00   2.07548594e+00  -8.04416418e-01]
 [  7.59353638e-02  -3.66265821e+00  -3.79068851e-01   1.88601971e-01
   -1.12776041e-01  -2.78319192e+00  -1.41411281e+00  -2.18185329e+00
   -1.91568327e+00   7.70789623e-01  -2.05712104e+00   1.14501524e+00
   -1.72883797e+00  -9.61246490e-02   4.87520695e-01  -1.57040882e+00]
 [ -1.29236412e+00  -3.44288945e+00  -2.77727652e+00  -3.18708420e-01
   -6.59737110e-01  -3.76665854e+00  -2.87031913e+00  -2.46457243e+00
   -2.27736115e+00  -8.87671471e-01  -3.19064283e+00  -7.57631779e-01
   -2.17856455e+00  -5.37571669e-01  -1.16181374e-03  -3.03696704e+00]
 [  7.71720886e-01  -2.42836475e-01   6.42604351e-01   2.79955506e+00
    1.17772579e+00   7.72986412e-02   2.85301208e-01   5.30543804e-01
    1.17961454e+00   2.30519485e+00  -8.60311985e-01   1.99042845e+00
    6.26764059e-01   1.49975610e+00   3.02890682e+00  -7.99536705e-03]]

FAILED! Dimensions:  (16, 17, 16)  Method:  CudaSharedMemory
Result:
 [[  4.61886835   5.50654411   4.1373601    4.00491905   4.54077339
    3.71552944   5.18041658   3.75306511   3.32493591   4.56555414
    4.63740253   3.90005612   4.42383146   4.13346624   4.15637684
    4.02060604   4.61886835]
 [  9.19393349   8.65750504   7.28577709   8.04366302   7.35203695
    7.63185024   8.58568954   6.71119976   7.50261307   8.12158012
    7.74903202   7.45924616   7.49079514   7.6644907    7.60118771
    3.80682588   3.68738914]
 [  9.23847103   8.94787788   7.46116781   7.36124802   5.96559906
    8.57811451   8.80467319   6.85866928   6.70378017   7.70855141
    7.49392319   6.80802059   8.07505417   7.68171787   7.45056152
    4.80694962   4.71832561]
 [  8.93184471   7.18793869   6.2758913    6.17573643   5.99520779
    7.63259792   7.04406071   5.87887192   6.02595997   7.0710206
    6.46198082   6.72966385   6.43826246   6.62627745   7.19624233
    3.01086402   3.26482391]
 [  8.24280262   7.76700783   6.20953846   6.34981537   7.11229515
    7.16131496   7.96616364   6.0528841    5.96013832   7.04499245
    7.28921127   6.35505676   7.18240547   7.5405879    6.88628054
    4.58483648   5.01314211]
 [  9.68191719   8.94846916   7.88248062   8.37669849   8.14972115
    8.46726894   9.0858078    6.82892323   6.8450799    9.30774117
    8.0949049    7.43420029   9.21842861   7.52437782   8.16411018
    4.10370445   4.46605921]
 [  8.66204262   8.07203102   6.47398853   8.15686989   6.58935261
    8.97006798   7.65623188   5.78920841   6.83238983   7.44856262
    8.05771446   7.43693542   7.04087448   7.04447937   7.25029182
    3.99120903   3.26154113]
 [  7.44933701   7.46408415   7.09153461   7.46690941   8.16833687
    6.97974777   7.88889027   5.80768394   6.12937355   8.83713531
    7.91658878   6.5827837    7.13843822   6.96262169   7.35050154
    3.87612867   3.15968823]
 [  9.75633335   9.09300327   7.89207077   8.6878109    7.83763027
    9.10093498   9.01761532   6.99627352   7.52033615   8.88549137
    8.3305378    7.65078926   8.49972439   8.77997971   8.10103607
    5.25401306   5.28764582]
 [ 10.26723862   8.90191269   7.25409222   8.47450256   8.40631771
    9.55720615   8.75107956   6.99229717   7.10927486   8.80327415
    8.34648418   8.13531494   9.33986378   8.37015915   9.15456009
    4.22910213   4.21975613]
 [  8.71468544   6.77677631   6.70748043   6.65536261   6.59883881
    7.34303951   7.36286068   5.43549252   6.05560684   7.47670078
    7.22848272   6.43420649   6.85519791   7.01219559   6.86702538
    3.00157928   3.66691208]
 [  7.31579256   7.30751228   5.97066689   6.16037178   6.06576204
    6.34856224   7.00998259   5.37317276   5.54021645   7.42782354
    6.0634594    5.26092863   6.50630379   6.48518705   5.54393387
    3.41538382   3.5028758 ]
 [  8.32181072   8.08426857   6.36734772   7.0307579    7.16213608
    7.83570576   7.1354208    5.71831846   6.36965799   7.6768508
    7.21555281   7.070158     7.34535408   6.9595356    7.47908163
    4.05668306   4.28009367]
 [  8.77636719   7.2132616    7.2927928    8.46584892   7.1758852
    7.82178783   7.38130188   6.1356535    6.81775618   8.58531952
    8.19774151   6.76022434   8.05530357   9.1420517    7.29110527
    4.17177725   4.22384453]
 [  8.13676548   7.85974407   6.74245596   7.30351639   7.09213161
    7.63857079   7.70351028   6.01747417   6.26967621   8.08852959
    7.24270439   6.6964407    8.53977871   7.46129894   7.4013443
    3.90834856   4.03318024]
 [  9.46294212   8.60582256   7.83295441   7.8302331    8.65285873
    8.5765667    8.90707874   6.21325779   6.76326942   9.00892639
    8.45192814   7.89767742   8.66123581   7.84682512   8.70514679
    4.56983137   5.10054779]]
Expected:
 [[ 4.61886835  3.68738914  4.71832561  3.26482391  5.01314211  4.46605921
   3.26154113  3.15968823  5.28764582  4.21975613  3.66691208  3.5028758
   4.28009367  4.22384453  4.03318024  5.10054779  3.91786289]
 [ 5.50654411  4.52014542  5.66702032  3.22966027  5.21585751  5.40050125
   4.28964853  4.46868753  6.04748297  5.04777384  3.81291676  4.04171705
   4.55252314  4.10358524  4.36239386  5.63849974  4.89423466]
 [ 4.1373601   3.2808578   3.95827842  2.55115056  3.54796767  3.78238273
   2.99539661  3.04552054  3.85413933  2.96385956  3.26579523  3.5317452
   3.10967612  3.49734998  2.96732283  4.21467781  3.40442324]
 [ 4.00491905  3.50288939  3.72474051  2.66157079  4.10009813  3.47859168
   4.04601383  4.03793144  4.29023266  3.44168496  2.43892193  3.25767183
   3.79544282  3.77513313  3.61827683  4.4056406   3.72534108]
 [ 4.54077339  3.63650751  3.51416564  2.24971724  4.89810658  4.11085558
   3.42897797  4.39757776  5.03281736  4.21644068  2.90269995  3.23531485
   4.69071579  3.68523955  3.42459249  5.10971308  3.96298623]
 [ 3.71552944  2.45143366  3.74549031  2.21418881  4.03886509  3.16037464
   3.77075863  2.80481315  4.18987703  3.6961391   2.8304472   2.47142029
   3.49064541  3.66753936  3.54314542  4.2900176   3.36397409]
 [ 5.18041658  4.83262444  5.41840935  3.12244987  5.3068943   5.19930887
   4.17493439  4.91105843  5.8610673   4.51259232  3.87714171  4.34506035
   4.15424871  4.09542561  4.28654957  5.57893944  4.97161198]
 [ 3.75306511  3.38626409  3.92161059  2.65926957  3.88649917  3.48129725
   2.97783184  3.15654802  4.23848772  3.4857192   2.66492224  2.98117185
   3.28587651  3.41696095  3.32813931  3.86433148  3.79467154]
 [ 3.32493591  2.93705869  3.21960211  2.16638494  3.34762621  2.81137657
   2.65113592  2.7577858   3.50657797  2.77057004  2.39200068  2.43244195
   2.71869278  2.68933487  2.34892631  3.19697738  3.04876113]
 [ 4.56555414  3.48417807  3.85957503  2.61251211  4.03370333  4.18125391
   3.37158799  4.01375818  4.33870506  3.66360641  3.10777426  3.65096521
   4.12842131  3.92075014  3.56629229  5.02835655  4.09027338]
 [ 4.63740253  3.84897614  4.45850849  3.01128888  5.12648773  4.07697439
   4.82337761  4.54678631  5.13966799  4.36892653  3.77685833  3.54842949
   4.66456985  4.52223778  3.98057032  5.39360905  5.04386806]
 [ 3.90005612  3.0354147   3.4506917   2.16272354  4.01793051  3.23433685
   3.36980224  3.19086981  3.97755742  3.45162439  2.51502991  2.55098295
   3.67550349  3.26213431  3.05831885  4.43625307  3.38966918]
 [ 4.42383146  3.35732889  4.56694031  2.33712626  4.19986343  4.06713343
   3.39191365  3.67323184  4.68369055  3.91917658  2.70994568  3.39465475
   3.49809003  3.63812208  3.46142459  4.43435812  4.14409256]
 [ 4.13346624  3.5081141   4.10113621  2.9825418   5.15129519  3.64896107
   3.46520615  3.81603384  5.4206872   4.14525223  3.11164904  3.84726405
   4.41718102  5.07835388  4.22687721  4.61725807  4.53429508]
 [ 4.15637684  3.5805819   3.64373565  2.38929272  3.87541652  3.57927346
   3.14658761  3.35929251  4.2249074   3.90054655  2.637923    2.54235482
   4.06369781  3.23442197  3.22956705  4.79679823  3.85109067]
 [ 4.02060604  3.80682588  4.80694962  3.01086402  4.58483648  4.10370445
   3.99120903  3.87612867  5.25401306  4.22910213  3.00157928  3.41538382
   4.05668306  4.17177725  3.90834856  4.56983137  4.4984169 ]]
Difference:
 [[ 0.          1.81915498 -0.58096552  0.74009514 -0.47236872 -0.75052977
   1.91887546  0.59337687 -1.9627099   0.34579802  0.97049046  0.39718032
   0.14373779 -0.09037828  0.1231966  -1.07994175  0.70100546]
 [ 3.68738937  4.13735962  1.61875677  4.81400299  2.13617945  2.23134899
   4.29604101  2.24251223  1.4551301   3.07380629  3.93611526  3.41752911
   2.938272    3.56090546  3.23879385 -1.83167386 -1.20684552]
 [ 5.10111094  5.66701984  3.50288939  4.81009769  2.41763139  4.79573154
   5.80927658  3.81314874  2.84964085  4.74469185  4.22812796  3.2762754
   4.96537781  4.18436813  4.4832387   0.5922718   1.31390238]
 [ 4.92692566  3.6850493   2.5511508   3.51416564  1.89510965  4.154006
   2.99804688  1.84094048  1.73572731  3.62933564  4.02305889  3.47199202
   2.64281964  2.85114431  3.5779655  -1.39477658 -0.46051717]
 [ 3.70202923  4.13050032  2.69537282  4.10009813  2.21418858  3.05045938
   4.53718567  1.65530634  0.92732096  2.82855177  4.38651133  3.11974192
   2.49168968  3.85534835  3.46168804 -0.52487659  1.05015588]
 [ 5.96638775  6.4970355   4.13699055  6.16250992  4.11085606  5.3068943
   5.31504917  4.02410984  2.65520287  5.61160183  5.2644577   4.96278
   5.7277832   3.85683846  4.620965   -0.18631315  1.10208511]
 [ 3.48162603  3.23940659  1.05557919  5.03442001  1.28245831  3.77075911
   3.48129749  0.87814999  0.97132254  2.93597031  4.18057251  3.09187508
   2.88662577  2.94905376  2.96374226 -1.58773041 -1.71007085]
 [ 3.6962719   4.07781982  3.16992402  4.80764008  4.28183746  3.49845052
   4.91105843  2.65113592  1.89088583  5.35141611  5.25166655  3.60161185
   3.85256171  3.54566073  4.02236223  0.01179719 -0.6349833 ]
 [ 6.43139744  6.15594482  4.67246866  6.5214262   4.49000406  6.28955841
   6.3664794   4.23848772  4.01375818  6.11492157  5.93853712  5.21834755
   5.78103161  6.09064484  5.75210953  2.05703568  2.23888469]
 [ 5.70168447  5.41773462  3.39451718  5.86199045  4.37261438  5.37595224
   5.37949181  2.97853899  2.7705698   5.13966751  5.23870993  4.48434973
   5.21144247  4.44940901  5.5882678  -0.79925442  0.12948275]
 [ 4.07728291  2.92780018  2.24897194  3.64407372  1.47235107  3.26606512
   2.53948307  0.88870621  0.91593885  3.10777426  3.45162439  2.885777
   2.19062805  2.48995781  2.88645506 -2.39202976 -1.37695599]
 [ 3.41573644  4.27209759  2.51997519  3.99764824  2.04783154  3.11422539
   3.64018035  2.18230295  1.56265903  3.97619915  3.54842949  2.70994568
   2.83080029  3.22305274  2.48561502 -1.02086926  0.11320662]
 [ 3.89797926  4.72693968  1.80040741  4.69363165  2.96227264  3.76857233
   3.74350715  2.04508662  1.68596745  3.75767422  4.50560713  3.67550325
   3.84726405  3.32141352  4.01765728 -0.37767506  0.13600111]
 [ 4.64290094  3.7051475   3.19165659  5.48330688  2.02459002  4.17282677
   3.91609573  2.31961966  1.39706898  4.44006729  5.08609247  2.91296029
   3.63812256  4.06369781  3.06422806 -0.44548082 -0.31045055]
 [ 3.98038864  4.27916241  3.09872031  4.91422367  3.2167151   4.05929756
   4.55692291  2.65818167  2.04476881  4.18798304  4.60478115  4.15408611
   4.47608089  4.22687721  4.17177725 -0.88844967  0.18208957]
 [ 5.44233608  4.79899693  3.02600479  4.81936932  4.06802225  4.47286224
   4.91586971  2.33712912  1.50925636  4.77982426  5.45034885  4.48229361
   4.60455275  3.67504787  4.79679823  0.          0.60213089]]

FAILED! Dimensions:  (16, 17, 17)  Method:  CudaSharedMemory
Result:
 [[ 4.69915533  4.30614185  5.33916998  4.22405481  5.23089504  4.99421549
   3.97994304  4.931427    4.89017153  3.95774841  4.72168779  4.8275423
   4.65158033  3.77856922  4.4630971   3.97203279  4.69915533]
 [ 5.14457846  4.93177223  6.22126484  3.76836014  5.47797155  5.54490709
   4.06649399  4.95421696  6.00472116  3.69860077  5.79759979  4.71003723
   5.20530891  5.08205938  5.09884024  4.53272104  5.14457846]
 [ 5.08251905  4.98376226  5.32909679  4.43774223  5.47747087  5.61718035
   4.16933537  5.31425381  5.74812555  4.06186152  5.19426918  4.65274477
   5.09234953  3.98585272  4.9030776   4.57481527  5.08251905]
 [ 3.08221984  3.39869905  3.89837217  3.12914777  3.60543013  3.58430791
   3.10805893  3.66482496  3.75071859  3.43966365  3.87481618  3.77112484
   3.93432593  3.37272143  3.5755465   3.04982567  3.08221984]
 [ 3.28769112  4.07721853  4.44762564  3.59801888  4.82003975  3.39916825
   3.0183115   4.12907028  3.84904647  3.48256779  4.03440714  2.93458843
   3.41133666  3.5182755   3.75988889  2.5181365   3.28769112]
 [ 4.41668272  4.43565464  4.9785409   3.76824808  4.79217339  5.0200429
   3.51211691  4.36850643  4.67092466  3.70879912  4.28887272  4.18236971
   4.92033195  4.46712255  3.8614893   4.6121316   4.41668272]
 [ 4.16538286  3.85456109  5.11230278  3.26904297  3.72484732  4.17706919
   3.31365561  3.80230856  4.68163776  2.8778367   4.53678131  4.00379992
   4.16272354  3.88943648  3.63129067  3.58998775  4.16538286]
 [ 4.7596283   4.39024544  5.52482557  3.90432119  4.94174099  4.63971043
   3.88927364  4.56374168  5.27180195  3.73441052  5.00485992  4.0799551
   4.58998775  4.50164223  4.5452342   4.26148224  4.7596283 ]
 [ 4.5859952   4.10319948  4.83290148  3.86265755  5.39741278  4.92575932
   3.67497873  4.82875061  5.26152992  2.6817081   4.72688627  3.53206563
   4.11148643  4.00384665  3.43734646  4.25165701  4.5859952 ]
 [ 3.79444146  3.95710659  4.40228462  3.40305495  4.09677267  4.38370085
   3.14416575  4.13426352  4.32865667  3.42495537  3.85162306  3.90256333
   4.12439108  3.12861347  4.15705156  3.1971519   3.79444146]
 [ 3.74966788  4.34435654  4.48952055  3.55749345  4.43454361  4.51658201
   3.46585107  3.8956852   4.52459288  3.87944365  4.26114798  3.70154333
   4.989007    4.36297369  3.78156185  4.04563618  3.74966788]
 [ 3.48308778  4.01360226  4.56768131  3.85033226  4.77921104  4.63106918
   3.84106755  4.41641712  4.46276712  4.02084064  4.43624163  3.98084974
   4.88301468  3.43875122  4.03265142  3.67478323  3.48308778]
 [ 2.77892137  2.69237709  3.12333751  3.17930102  3.3460114   3.66192293
   2.79111266  3.49832273  3.86621714  2.864187    3.45934558  2.74877405
   3.56869483  2.822963    2.25816917  2.8360765   2.77892137]
 [ 4.76945782  5.33351135  5.85792112  4.62933493  6.23409796  5.18970919
   4.44689322  5.20435524  5.58306503  4.34431601  5.51245213  4.44035673
   5.28101015  4.03995752  5.28781748  4.58792639  4.76945782]
 [ 3.92280149  4.65019941  4.49126196  4.03306723  5.334867    4.87436008
   3.70185876  5.06865644  4.73963451  3.57877088  4.0655303   3.90291691
   4.61250973  3.98637033  3.73347783  4.09475136  3.92280149]
 [ 3.28907657  3.43985629  4.64082241  3.49385524  4.55407763  3.8881073
   3.17590213  4.04623985  4.40582275  3.16904712  4.79658365  3.89908719
   3.98656225  3.44891572  4.25849295  3.08402061  3.28907657]]
Expected:
 [[ 4.70465422  5.23836374  5.27535915  3.24351311  3.45448184  4.51163864
   4.32996893  4.91509771  4.60507441  3.87006879  3.7596879   3.64157438
   2.88235497  4.81939745  4.0427494   3.35090494  4.32622528]
 [ 4.32396412  5.23573017  5.6087575   3.92145038  4.61778736  4.74340725
   4.38798428  4.89412165  4.1650362   4.20221472  4.37683153  4.52725744
   3.02760506  5.49536514  5.03895044  3.64024186  4.63409519]
 [ 5.35801935  6.54273939  5.99010897  4.45124865  5.01934624  5.30402851
   5.67646599  6.05773926  4.8983016   4.66151762  4.52386713  5.11093712
   3.47788405  6.02910233  4.90241575  4.85275602  5.84932423]
 [ 4.24587679  4.14053297  5.20300007  3.76921582  4.25990295  4.14506721
   3.92217779  4.52127838  3.93837142  3.70317054  3.59725642  4.47926283
   3.5897615   4.82751226  4.50906229  3.7392118   4.01020193]
 [ 5.24717569  5.75563431  6.04839802  4.08295822  5.3138442   5.07330227
   4.21212387  5.40202713  5.45389986  4.32067633  4.46420908  5.24842978
   3.65223885  6.3819499   5.68998718  4.73712778  5.19571161]
 [ 4.99914598  5.62899828  5.7900877   3.72892904  3.54871869  5.10518408
   4.32464266  4.77910995  4.9428668   4.45151091  4.5255661   4.77317381
   3.75466514  5.23448658  4.98190975  3.94354486  4.81199598]
 [ 4.00284338  4.45705509  4.97240257  3.77975106  3.71289754  3.90755367
   3.99906015  4.53671312  3.75443339  3.45910931  3.50757861  4.50107193
   3.22185278  4.6548624   4.20137119  3.43338108  3.55635905]
 [ 4.93813658  5.06864691  5.54954386  3.86162353  4.33257675  4.48436499
   4.00312471  4.75343466  4.8520298   4.22653866  3.90791082  4.60979128
   3.62452507  5.26528788  5.21500826  4.12167835  3.96455455]
 [ 4.90677977  6.28797436  6.33054829  4.23786163  4.35279369  4.95771408
   5.17872572  5.7413559   5.31915426  4.55706882  4.55485582  4.94143391
   4.17861032  5.73389387  5.10190487  4.59255886  5.76345158]
 [ 3.96863675  3.88429928  4.44369316  3.75903082  3.8128202   3.89681602
   3.20372367  4.04224634  2.71948624  3.57470059  3.89928365  4.33465052
   3.06898952  4.4431982   3.8162725   3.29146957  3.60356116]
 [ 4.72786236  5.90290928  5.4108057   4.05592918  4.22169352  4.39549732
   4.72159195  5.17943382  4.74831009  3.93654346  4.27239943  4.61420345
   3.57548904  5.56852818  4.20021725  4.86600971  5.56443739]
 [ 4.84703159  5.04242229  5.3361907   4.34276485  3.52571249  4.51890421
   4.58711004  4.63095522  3.59968519  4.17059469  3.7370553   4.54254293
   3.11535335  4.61734772  4.32802439  4.11821318  3.83756137]
 [ 4.67047405  5.52753353  5.75490475  4.48849297  3.98439169  5.24657965
   4.7282033   5.12414503  4.17703915  4.38422918  5.02343369  5.42753839
   3.92406869  5.45259094  5.02462292  4.19899035  4.94906902]
 [ 3.78153563  5.13265276  4.0898819   3.45973229  3.60825205  4.51834726
   3.97822356  4.58551121  4.01413918  3.16941118  4.36837912  3.52424812
   2.87876105  4.06689787  4.05107689  3.48226953  4.62741232]
 [ 4.4685812   5.19236755  5.09538698  3.73639584  3.92622066  3.95618391
   3.79542375  4.7002759   3.45637345  4.23247051  3.79155421  4.19070196
   2.36131787  5.33761978  3.85309553  4.32015133  4.16648102]
 [ 3.97956848  4.66124105  4.83907652  3.2708559   2.74670029  4.74225569
   3.8155303   4.47453165  4.27780294  3.30078864  4.05936718  3.8919673
   2.97781777  4.65636158  4.25912333  3.1687479   3.94474435]]
Difference:
 [[ -5.49888611e-03  -9.32221889e-01   6.38108253e-02   9.80541706e-01
    1.77641320e+00   4.82576847e-01  -3.50025892e-01   1.63292885e-02
    2.85097122e-01   8.76796246e-02   9.61999893e-01   1.18596792e+00
    1.76922536e+00  -1.04082823e+00   4.20347691e-01   6.21127844e-01
    3.72930050e-01]
 [  8.20614338e-01  -3.03957939e-01   6.12507343e-01  -1.53090239e-01
    8.60184193e-01   8.01499844e-01  -3.21490288e-01   6.00953102e-02
    1.83968496e+00  -5.03613949e-01   1.42076826e+00   1.82779789e-01
    2.17770386e+00  -4.13305759e-01   5.98897934e-02   8.92479181e-01
    5.10483265e-01]
 [ -2.75500298e-01  -1.55897713e+00  -6.61012173e-01  -1.35064125e-02
    4.58124638e-01   3.13151836e-01  -1.50713062e+00  -7.43485451e-01
    8.49823952e-01  -5.99656105e-01   6.70402050e-01  -4.58192348e-01
    1.61446548e+00  -2.04324961e+00   6.61849976e-04  -2.77940750e-01
   -7.66805172e-01]
 [ -1.16365695e+00  -7.41833925e-01  -1.30462790e+00  -6.40068054e-01
   -6.54472828e-01  -5.60759306e-01  -8.14118862e-01  -8.56453419e-01
   -1.87652826e-01  -2.63506889e-01   2.77559757e-01  -7.08137989e-01
    3.44564438e-01  -1.45479083e+00  -9.33515787e-01  -6.89386129e-01
   -9.27982092e-01]
 [ -1.95948458e+00  -1.67841578e+00  -1.60077238e+00  -4.84939337e-01
   -4.93804455e-01  -1.67413402e+00  -1.19381237e+00  -1.27295685e+00
   -1.60485339e+00  -8.38108540e-01  -4.29801941e-01  -2.31384134e+00
   -2.40902185e-01  -2.86367440e+00  -1.93009830e+00  -2.21899128e+00
   -1.90802050e+00]
 [ -5.82463264e-01  -1.19334364e+00  -8.11546803e-01   3.93190384e-02
    1.24345469e+00  -8.51411819e-02  -8.12525749e-01  -4.10603523e-01
   -2.71942139e-01  -7.42711782e-01  -2.36693382e-01  -5.90804100e-01
